0 1894 1638 492 341 
1 1898 1638 486 340 
2 
3 
4 
5 1898 1640 485 334 
6 1899 1639 483 334 
7 1897 1643 486 329 
8 1892 1646 490 326 
9 1896 1646 484 326 
10 1891 1651 492 320 
11 1887 1652 501 321 
12 1888 1651 498 321 
13 1886 1651 503 320 
14 1894 1652 493 318 
15 1884 1653 504 317 
16 1880 1653 511 317 
17 1884 1650 510 319 
18 1884 1652 511 316 
19 2298 1243 229 119 1889 1652 506 318 
20 2272 1242 237 125 1887 1648 513 321 
21 
22 2209 1238 242 114 
23 
24 2150 1237 244 125 
25 
26 2092 1206 272 141 2558 1153 446 265 
27 2076 1217 236 118 
28 2035 1219 246 113 
29 
30 
31 
32 
33 
34 1751 1103 1101 503 
35 1723 1094 1128 522 
36 1871 1651 532 308 
37 1869 1647 533 316 
38 1607 1104 1191 503 1873 1649 526 313 
39 1873 1652 526 309 
40 1879 1650 517 313 
41 1873 1651 527 313 
42 1879 1648 518 318 
43 1887 1650 510 313 
44 1885 1652 512 310 
45 1883 1652 516 312 
46 1890 1648 503 316 
47 1889 1645 508 319 
48 1897 1644 499 323 1800 1028 157 226 
49 1901 1647 496 319 
50 1897 1644 498 323 
51 1904 1646 490 319 
52 1894 1645 501 320 
53 1889 1642 509 325 
54 1892 1641 507 324 1424 968 254 300 
55 1892 1640 505 326 
56 1895 1639 503 330 
57 1888 1635 515 335 1223 928 266 331 
58 1884 1637 523 333 
59 1896 1636 509 334 
60 1892 1638 520 337 
61 1893 1639 520 334 
62 1892 1643 519 329 
63 1892 1643 519 332 
64 1887 1648 529 321 
65 
66 
67 
68 
69 
70 
71 
72 
73 
74 
75 
76 1885 1645 524 327 
77 1887 1647 522 324 
78 
79 
80 
81 
82 
83 
84 
85 
86 
87 
88 
89 
90 
91 
92 
93 
94 1878 1643 514 333 
95 
96 
97 
98 
99 
100 
101 
102 1873 1644 528 329 
103 
104 1881 1653 502 319 
105 1885 1651 490 323 
106 
107 
108 
109 
110 
111 
112 
113 
114 
115 
116 
117 
118 
119 1180 1298 501 478 
120 
121 1894 1652 485 302 
122 1892 1653 493 308 
123 1891 1651 492 312 
124 245 693 1140 1104 1893 1649 492 318 
125 
126 
127 
128 29 523 858 1414 
129 
130 2 438 835 1570 
131 3 666 362 1221 
132 
